1
-50,-50,600
2
255,0,0
-50,-50,600
-50,50,600
-50,-50,700
2
0,255,0
-50,-50,600
50,-50,600
-50,50,600
2
0,0,255
-50,-50,600
-50,-50,700
50,-50,600
2
0,255,255
-50,-50,700
-50,50,600
50,-50,600
1
0,0,650
2
255,0,0
-50,-50,600
-50,50,600
-50,-50,700
2
0,255,0
-50,-50,600
50,-50,600
-50,50,600
2
0,0,255
-50,-50,600
-50,-50,700
50,-50,600
1
0,0,650
2
255,0,0
-50,-50,600
-50,50,600
-50,-50,700
2
0,255,0
-50,-50,600
50,-50,600
-50,50,600
2
0,0,255
-50,-50,600
-50,-50,700
50,-50,600
1
0,0,650
2
255,0,0
-50,-50,600
-50,50,600
-50,-50,700
2
0,255,0
-50,-50,600
50,-50,600
-50,50,600
2
0,0,255
-50,-50,600
-50,-50,700
50,-50,600
0
